Offset   Hex Data                                          Characters
=======  ================================================  =================
$000000  2F 14 26 00 C8 20 22 4E  00 1C 00 0B 29 C7 94 10  /.&.H "N ....)G..
$000010  03 1A 90 90 C2 40 2D 80  81 C5 20 42 42 42 42 42  ....B@-. .E BBBBB
$000020  02 02 02 02 02 42 42 42  42 42 42 02 02 02 02 02  .....BBB BBB.....
$000030  02 02 02 02 02 02 02 02  42 42 02 02 02 02 02 02  ........ BB......
$000040  02 02 02 0A 02 02 02 42  42 02 02 02 02 02 02 02  .......B B.......
$000050  02 22 22 02 02 02 42 42  02 02 0A 02 02 02 0A 03  .""...BB ........
$000060  02 02 02 02 02 42 42 02  02 02 22 22 02 02 03 0C  .....BB. ..""....
$000070  02 02 02 02 42 42 02 02  02 02 02 22 02 02 02 03  ....BB.. ..."....
$000080  22 0A 02 42 42 02 02 22  22 02 0A 02 02 02 22 02  "..BB.." ".....".
$000090  00 00 42 42 02 02 02 02  02 02 02 02 02 00 04 00  ..BB.... ........
$0000A0  06 46 42 02 02 0A 02 02  02 0A 02 02 00 00 06 07  .FB..... ........
$0000B0  47 42 42 42 42 42 02 0A  02 02 02 40 40 47 47 47  GBBBBB.. ...@@GGG
$0000C0  42 42 42 44 46 07 07 07  07 07 55 5A 47 45 47 42  BBBDF... ..UZGEGB
$0000D0  02 02 00 07 05 05 05 07  07 35 1A 07 00 47 42 02  ........ .5...GB.
$0000E0  02 20 05 00 00 20 07 07  15 1A 07 06 47 42 02 02  . ... .. ....GB..
$0000F0  22 02 00 04 08 05 05 15  1A 07 07 07 42 02 02 02  "....... ....B...
$000100  00 00 00 20 00 00 15 1A  07 05 07 42 0A 02 02 00  ... .... ...B....
$000110  00 00 00 00 20 15 1A 07  00 07 42 02 02 02 02 00  .... ... ..B.....
$000120  00 00 00 00 15 1A 05 24  05 42 06 02 04 02 00 00  .......$ .B......
$000130  00 00 00 15 12 13 13 13  46 07 02 02 00 00 00 08  ........ F.......
$000140  00 00 1D 1C 1C 1C 5C 47  07 26 06 04 00 00 00 00  ......\G .&......
$000150  00 00 00 00 00 40 47 47  47 47 40 40 40 40 40 40  .....@GG GG@@@@@@
$000160  40 40 40 40 40 47 47 47  46 44 40 40 40 40 40 55  @@@@@GGG FD@@@@@U
$000170  5A 40 40 40 47 07 07 07  00 00 00 00 00 00 15 1A  Z@@@G... ........
$000180  00 00 40 47 07 07 07 06  00 04 04 00 00 15 1A 00  ..@G.... ........
$000190  00 40 07 07 07 07 07 00  00 00 00 06 15 1A 06 06  .@...... ........
$0001A0  06 07 07 07 07 07 06 06  06 06 07 15 1A 07 07 07  ........ ........
$0001B0  07 07 07 07 07 07 07 07  05 05 15 1A 07 07 07 05  ........ ........
$0001C0  05 05 05 05 05 05 05 03  0C 15 1A 05 05 05 13 13  ........ ........
$0001D0  13 13 13 13 13 13 13 13  11 1A 00 00 00 5C 1C 1C  ........ .....\..
$0001E0  1C 1C 1C 1C 1C 1C 1C 1C  1E 00 00 48 40 00 00 00  ........ ...H@...
$0001F0  00 00 00 00 00 00 00 00  00 00 40 40 40 40 40 48  ........ ..@@@@@H
$000200  40 40 40 40 40 40 40 40  40 40 40 40 40 40 40 40  @@@@@@@@ @@@@@@@@
$000210  40 40 40 40 42 42 42 42  4A 40 00 00 08 00 00 00  @@@@BBBB J@......
$000220  00 00 00 02 02 02 22 42  40 06 00 06 00 02 00 02  ......"B @.......
$000230  00 02 02 02 02 02 42 06  05 00 07 02 02 20 02 02  ......B. ..... ..
$000240  02 02 02 02 02 42 07 00  06 05 02 02 02 02 02 02  .....B.. ........
$000250  0A 02 02 02 4A 07 06 27  02 02 02 02 02 22 02 22  ....J..' ....."."
$000260  02 02 22 42 05 05 07 04  00 02 02 02 02 02 02 02  .."B.... ........
$000270  22 02 42 00 00 05 00 02  00 02 20 00 22 20 02 00  ".B..... .. ." ..
$000280  0A 40 48 04 00 00 00 00  02 08 02 02 00 00 00 02  .@H..... ........
$000290  40 40 00 00 00 00 00 00  00 00 00 00 00 00 00 40  @@...... .......@
$0002A0  40 40 40 40 40 00 00 00  00 00 40 48 40 40 40 4A  @@@@@... ..@H@@@J
$0002B0  42 42 42 42 02 02 02 0A  02 42 42 42 42 42 42 02  BBBB.... .BBBBBB.
$0002C0  02 02 02 02 02 02 02 0A  02 02 22 02 42 42 0A 22  ........ ..".BB."
$0002D0  02 02 02 02 22 02 02 02  02 02 02 42 42 22 02 02  ...."... ...BB"..
$0002E0  02 02 02 02 02 02 02 02  02 02 42 4A 02 02 02 02  ........ ..BJ....
$0002F0  02 02 02 02 02 02 02 02  22 42 42 02 02 02 02 22  ........ "BB...."
$000300  02 02 0A 02 22 02 02 02  42 42 02 02 22 22 0A 6B  ...."... BB.."".k
$000310  02 02 02 02 02 22 02 42  40 02 02 02 22 02 02 02  .....".B @..."...
$000320  02 02 22 0A 02 02 42 40  02 00 02 00 02 02 02 02  .."...B@ ........
$000330  02 02 02 02 02 42 40 00  00 00 02 02 02 02 02 02  .....B@. ........
$000340  02 02 02 02 42 40 40 40  40 40 02 0A 02 02 02 42  ....B@@@ @@.....B
$000350  42 42 42 42 42 42 42 42  42 02 0A 02 02 02 40 40  BBBBBBBB B.....@@
$000360  47 47 47 42 02 22 02 02  02 02 22 02 02 02 06 05  GGGB.".. ..".....
$000370  27 45 42 02 02 22 02 04  00 24 04 06 02 05 00 05  'EB..".. .$......
$000380  41 42 22 02 04 02 00 00  20 03 07 04 01 01 01 01  AB".....  .......
$000390  42 02 02 0A 04 06 06 06  06 07 01 01 01 01 01 42  B....... .......B
$0003A0  02 02 02 00 07 07 07 27  07 04 00 01 01 01 42 02  .......' ......B.
$0003B0  02 04 04 07 27 07 07 27  01 00 21 01 01 41 00 02  ....'..' ..!..A..
$0003C0  01 20 07 07 05 07 07 37  13 13 13 13 40 00 02 01  . .....7 ....@...
$0003D0  06 07 07 00 07 07 15 18  1C 1C 5C 41 01 01 09 07  ........ ..\A....
$0003E0  07 07 06 07 07 15 1A 06  06 46 41 41 41 41 47 07  ........ .FAAAAG.
$0003F0  07 07 07 07 55 5A 47 47  47 47 47 47 47 40 40 40  ....UZGG GGGGG@@@
$000400  40 40 40 40 40 40 40 40  45 05 05 07 08 00 00 20  @@@@@@@@ E...... 
$000410  00 00 00 00 00 00 40 41  20 00 05 00 00 00 00 00  ......@A  .......
$000420  20 00 00 00 00 40 01 24  01 01 01 00 00 28 00 00   ....@.$ .....(..
$000430  00 00 00 00 08 01 01 01  09 00 00 00 00 00 00 00  ........ ........
$000440  00 00 00 00 01 01 01 00  00 20 00 00 00 00 00 00  ........ . ......
$000450  00 00 00 01 01 01 21 08  00 20 00 00 20 20 00 00  ......!. . ..  ..
$000460  00 00 13 13 13 13 33 13  13 13 13 13 33 13 13 13  ......3. ....3...
$000470  13 5C 1C 1C 1C 1C 1C 1C  1C 1C 1C 1C 1C 1C 1C 5C  .\...... .......\
$000480  46 06 06 00 06 06 06 06  06 06 00 06 06 06 46 47  F....... ......FG
$000490  47 47 46 47 47 47 47 47  47 46 47 47 45 47 40 40  GGFGGGGG GFGGEG@@
$0004A0  40 40 48 40 40 40 40 40  40 40 40 40 40 40 00 00  @@H@@@@@ @@@@@@..
$0004B0  00 00 00 00 00 00 00 00  08 00 20 40 40 00 00 20  ........ .. @@.. 
$0004C0  00 00 00 00 08 01 00 00  00 00 40 08 20 00 00 00  ........ ..@. ...
$0004D0  00 01 01 00 01 01 00 00  00 40 00 00 00 00 00 01  ........ .@......
$0004E0  01 01 01 01 01 01 00 00  40 00 00 00 00 09 01 01  ........ @.......
$0004F0  01 01 01 20 00 00 20 40  00 00 00 00 01 01 01 01  ... .. @ ........
$000500  03 01 00 01 00 00 40 13  13 13 13 13 13 13 33 33  ......@. ......33
$000510  13 13 1B 00 00 44 5C 1C  1C 1C 1C 1C 1C 1C 1C 1C  .....D\. ........
$000520  14 1A 00 00 40 46 06 06  06 06 06 04 06 06 06 35  ....@F.. .......5
$000530  1A 06 26 46 47 47 47 47  47 07 00 07 07 07 55 5A  ..&FGGGG G.....UZ
$000540  47 47 47 40 40 40 40 40  00 00 00 00 00 40 48 40  GGG@@@@@ .....@H@
$000550  40 40 40 00 00 00 00 00  00 00 00 00 00 00 00 00  @@@..... ........
$000560  40 40 00 00 00 00 20 00  00 00 00 00 20 00 00 40  @@.... . .... ..@
$000570  40 00 20 00 00 00 00 00  20 00 00 00 00 00 00 40  @. .....  ......@
$000580  00 00 08 20 00 00 00 00  00 20 00 00 00 00 40 20  ... .... . ....@ 
$000590  00 00 08 00 00 00 00 00  20 00 00 00 00 40 00 00  ........  ....@..
$0005A0  00 00 00 00 00 00 00 00  00 00 00 00 44 28 04 04  ........ ....D(..
$0005B0  01 21 00 20 00 01 00 26  00 04 04 40 00 00 00 00  .!. ...& ...@....
$0005C0  01 01 20 00 01 06 07 00  20 40 46 06 06 06 20 01  .. .....  @F... .
$0005D0  01 01 01 01 25 05 06 06  46 47 47 47 45 49 01 01  ....%... FGGGEI..
$0005E0  01 01 01 41 40 47 47 47  40 40 40 40 40 02 0A 02  ...A@GGG @@@@@...
$0005F0  02 02 42 42 42 42 42 40  00 00 02 02 02 22 02 02  ..BBBBB@ ....."..
$000600  22 0A 02 02 02 42 40 08  00 00 00 02 00 00 00 02  "....B@. ........
$000610  02 02 22 02 42 00 00 00  00 00 02 00 02 02 02 00  ..".B... ........
$000620  02 02 02 42 00 20 00 08  00 20 00 00 00 00 00 02  ...B. .. . ......
$000630  02 02 42 00 00 20 00 20  00 00 20 00 00 00 02 22  ..B.. .  .. ...."
$000640  02 42 00 00 00 00 00 00  00 00 00 00 02 02 02 02  .B...... ........
$000650  42 04 06 00 00 24 20 00  06 00 00 00 00 00 02 41  B....$ . .......A
$000660  40 05 06 00 00 00 00 27  06 06 00 01 01 00 40 46  @......' ......@F
$000670  00 07 06 06 06 06 07 07  07 00 00 01 01 41 47 46  ........ .....AGF
$000680  47 47 47 47 47 47 47 47  46 40 41 41 41 41 41 41  GGGGGGGG F@AAAAAA
$000690  41 47 07 07 07 07 07 55  5A 47 47 47 41 01 01 00  AG.....U ZGGGA...
$0006A0  05 05 05 05 05 05 15 1A  07 07 47 41 00 01 01 00  ........ ..GA....
$0006B0  02 00 02 02 02 15 1A 05  07 47 41 00 00 00 02 02  ........ .GA.....
$0006C0  02 02 02 04 35 1A 00 07  07 40 00 20 00 02 02 02  ....5... .@. ....
$0006D0  02 22 22 15 1A 06 07 07  40 00 00 00 00 02 02 02  .""..... @.......
$0006E0  02 02 15 1A 07 07 07 40  20 00 02 02 02 02 02 02  .......@  .......
$0006F0  02 15 1A 07 07 07 40 00  00 04 04 02 00 20 02 02  ......@. ..... ..
$000700  15 3A 05 07 07 40 06 06  20 02 20 00 00 06 06 15  .:...@..  . .....
$000710  1A 00 27 47 46 07 07 06  06 06 06 06 07 07 35 1A  ..'GF... ......5.
$000720  06 07 47 47 47 47 47 47  47 47 47 47 47 55 5A 47  ..GGGGGG GGGGGUZG
$000730  47 47 47 47 47 46 47 47  47 47 47 47 46 47 47 45  GGGGGFGG GGGGFGGE
$000740  47 47 07 07 07 07 07 07  07 07 07 07 05 05 00 45  GG...... .......E
$000750  47 07 07 07 07 05 07 07  07 07 05 01 01 04 40 07  G....... ......@.
$000760  07 07 07 07 00 07 07 07  07 01 01 00 00 40 07 07  ........ .....@..
$000770  07 07 07 06 07 07 07 07  00 04 01 01 41 07 07 07  ........ ....A...
$000780  07 07 07 07 07 07 07 00  00 01 01 41 07 07 07 05  ........ ...A....
$000790  07 07 07 07 07 07 01 01  01 01 41 07 07 07 00 07  ........ ..A.....
$0007A0  05 07 07 07 07 00 01 01  01 41 47 07 07 06 07 00  ........ .AG.....
$0007B0  07 07 07 07 04 01 01 01  41 47 07 07 07 07 06 07  ........ AG......
$0007C0  07 07 07 00 00 01 01 41  47 47 47 47 47 07 07 07  .......A GGGGG...
$0007D0  07 07 41 49 41 41 41 47  47 47 47 47 07 00 07 07  ..AIAAAG GGGG....
$0007E0  07 55 5A 47 47 47 45 05  05 05 05 05 04 07 05 05  .UZGGGE. ........
$0007F0  15 1A 05 05 47 40 00 00  01 01 00 00 07 00 00 15  ....G@.. ........
$000800  1A 00 00 45 40 01 01 04  00 01 00 05 01 01 15 1A  ...E@... ........
$000810  04 04 40 41 01 01 09 01  01 01 01 01 01 15 1A 00  ..@A.... ........
$000820  00 40 41 01 01 01 09 01  01 01 01 01 15 1A 00 00  .@A..... ........
$000830  40 41 01 01 01 03 03 01  01 01 01 15 1A 00 00 40  @A...... .......@
$000840  41 01 01 03 0C 03 01 01  01 01 15 12 13 13 53 41  A....... ......SA
$000850  01 01 03 01 03 01 01 01  01 1D 1C 1C 1C 5C 41 01  ........ .....\A.
$000860  01 01 01 01 01 01 01 01  09 01 01 01 41 41 41 41  ........ ....AAAA
$000870  41 41 01 01 01 01 01 41  49 41 41 41 47 47 47 45  AA.....A IAAAGGGE
$000880  49 01 01 01 01 01 41 40  47 47 47 47 05 05 00 00  I.....A@ GGGG....
$000890  01 21 01 01 21 01 06 05  07 45 45 00 00 04 00 01  .!..!... .EE.....
$0008A0  01 01 01 01 01 05 20 07  40 40 00 00 00 01 01 01  ...... . @@......
$0008B0  01 01 01 01 00 00 05 40  40 20 00 08 01 21 01 01  .......@ @ ...!..
$0008C0  01 01 09 01 00 00 40 40  00 20 00 20 01 01 21 01  ......@@ . . ..!.
$0008D0  01 00 08 20 00 40 40 00  00 01 00 01 01 01 01 01  ... .@@. ........
$0008E0  01 20 00 00 40 53 13 13  13 33 33 13 13 13 13 13  . ..@S.. .33.....
$0008F0  1B 00 00 40 5C 1C 1C 1C  1C 1C 1C 1C 1C 1C 14 1A  ...@\... ........
$000900  00 00 40 41 01 01 00 00  00 00 00 00 00 15 1A 00  ..@A.... ........
$000910  00 40 41 41 41 41 48 00  00 00 00 00 55 5A 40 40  .@AAAAH. ....UZ@@
$000920  40 47 46 47 47 47 47 47  47 47 47 46 40 41 41 41  @GFGGGGG GGGF@AAA
$000930  45 05 05 05 05 07 05 07  05 05 05 00 01 01 41 40  E....... ......A@
$000940  00 00 00 00 05 00 07 00  00 00 04 00 00 41 40 00  ........ .....A@.
$000950  00 04 04 00 00 05 00 00  00 01 00 01 41 40 00 00  ........ ....A@..
$000960  00 00 00 A3 A3 A3 00 08  00 00 00 40 40 00 00 00  ...###.. ...@@...
$000970  00 00 A3 AD A3 00 00 08  00 00 40 40 00 00 00 00  ..#-#... ..@@....
$000980  00 A3 00 00 00 00 00 00  00 40 40 00 00 00 00 00  .#...... .@@.....
$000990  00 00 00 00 00 06 04 00  40 40 00 00 00 00 00 00  ........ @@......
$0009A0  00 00 00 04 05 00 00 40  40 00 00 08 00 00 00 00  .......@ @.......
$0009B0  00 00 00 00 06 06 46 40  40 40 40 48 A0 A0 A0 A0  ......F@ @@@H    
$0009C0  A0 40 40 47 47 47 47 47  47 47 47 47 47 47 47 47   @@GGGGG GGGGGGGG
$0009D0  55 5A 47 47 47 47 07 07  05 05 07 05 05 05 05 15  UZGGGG.. ........
$0009E0  1A 07 07 47 47 07 07 00  21 05 00 01 01 00 15 1A  ...GG... !.......
$0009F0  27 07 47 07 07 07 04 01  21 01 01 00 00 15 1A 07  '.G..... !.......
$000A00  07 07 07 07 07 00 00 01  01 21 01 01 15 1A 07 07  ........ .!......
$000A10  07 07 07 07 00 21 01 01  21 01 01 15 1A 25 07 07  .....!.. !....%..
$000A20  05 05 07 01 01 01 01 01  01 01 15 3A 00 07 07 02  ........ ...:....
$000A30  00 05 01 21 26 00 01 01  01 15 1A 06 07 07 42 00  ...!&... ......B.
$000A40  00 04 01 07 06 06 06 06  15 1A 07 05 47 4A 02 02  ........ ....GJ..
$000A50  02 04 07 07 05 07 07 15  1A 07 00 47 42 42 42 42  ........ ...GBBBB
$000A60  40 47 47 40 47 47 55 5A  47 46 47 47 47 47 47 47  @GG@GGUZ GFGGGGGG
$000A70  07 07 07 07 07 41 49 41  41 41 47 07 07 05 07 07  .....AIA AAG.....
$000A80  05 05 05 07 00 06 01 01  41 47 07 07 00 07 05 00  ........ AG......
$000A90  01 01 05 04 05 01 01 41  07 05 07 04 05 00 00 00  .......A ........
$000AA0  04 01 00 01 01 01 41 07  00 07 01 01 01 01 01 01  ......A. ........
$000AB0  01 09 01 01 01 41 07 06  07 04 00 01 01 01 01 01  .....A.. ........
$000AC0  01 09 01 01 41 07 07 07  01 01 01 01 01 01 01 01  ....A... ........
$000AD0  01 01 01 41 07 07 07 06  01 01 01 01 00 06 01 01  ...A.... ........
$000AE0  01 01 41 47 07 07 07 06  04 06 06 00 07 00 01 01  ..AG.... ........
$000AF0  01 41 47 07 07 07 07 00  07 07 06 07 04 09 01 01  .AG..... ........
$000B00  41 47 47 47 47 47 04 07  07 07 07 40 40 41 41 41  AGGGGG.. ...@@AAA
$000B10  41 41 41 41 41 01 01 01  01 01 41 49 41 41 41 41  AAAAA... ..AIAAAA
$000B20  01 01 01 01 01 01 01 01  01 01 01 01 01 41 41 01  ........ .....AA.
$000B30  01 01 01 01 01 01 01 01  01 01 01 01 41 41 01 01  ........ ....AA..
$000B40  01 01 01 01 01 01 01 01  01 01 01 41 41 01 01 01  ........ ...AA...
$000B50  01 01 01 01 01 01 09 01  01 01 41 41 01 01 01 01  ........ ..AA....
$000B60  01 01 01 01 01 01 01 01  01 41 41 01 01 01 01 01  ........ .AA.....
$000B70  01 01 01 01 01 01 09 01  41 41 01 01 01 04 06 01  ........ AA......
$000B80  00 00 06 00 01 01 01 40  41 01 01 01 00 07 06 00  .......@ A.......
$000B90  01 07 00 06 00 01 40 41  01 01 04 00 07 07 06 06  ......@A ........
$000BA0  07 04 05 00 00 40 41 41  41 40 40 07 07 07 07 07  .....@AA A@@.....
$000BB0  40 40 40 40 40 41 41 41  41 48 00 00 00 00 00 55  @@@@@AAA AH.....U
$000BC0  5A 40 40 40 41 01 01 01  01 00 00 00 00 00 15 1A  Z@@@A... ........
$000BD0  00 00 40 41 01 01 01 06  00 00 00 06 04 15 1A 04  ..@A.... ........
$000BE0  06 40 41 01 01 01 05 06  00 00 07 00 15 1A 00 07  .@A..... ........
$000BF0  06 41 01 01 00 00 07 06  06 07 06 15 1A 06 07 05  .A...... ........
$000C00  41 01 01 01 04 07 07 07  07 07 15 1A 07 07 00 41  A....... .......A
$000C10  01 01 09 00 05 05 05 05  07 15 1A 05 05 06 40 00  ........ ......@.
$000C20  00 04 06 00 00 6B 00 05  15 1A 00 00 05 40 00 00  .....k.. .....@..
$000C30  00 05 00 00 04 00 00 15  1A 00 00 40 40 00 00 08  ........ ...@@...
$000C40  00 00 00 00 00 00 15 1A  00 00 40 40 40 40 40 48  ........ ..@@@@@H
$000C50  00 00 00 00 00 55 5A 40  40 40 40 40 40 40 48 80  .....UZ@ @@@@@@H.
$000C60  80 80 80 80 40 40 47 47  47 40 00 00 00 00 00 00  ....@@GG G@......
$000C70  00 00 20 04 06 07 07 47  40 04 00 06 20 06 00 00  .. ....G @... ...
$000C80  00 00 00 07 27 07 47 06  00 00 07 00 27 06 06 06  ....'.G. ....'...
$000C90  06 00 07 07 07 07 05 06  06 07 06 07 27 27 07 07  ........ ....''..
$000CA0  06 07 07 07 07 00 07 07  07 27 07 07 07 07 05 07  ........ .'......
$000CB0  07 05 07 07 06 05 05 07  05 07 05 05 05 00 07 25  ........ .......%
$000CC0  00 05 05 05 00 00 05 00  07 00 00 00 06 25 22 00  ........ .....%".
$000CD0  00 02 40 00 00 00 00 05  00 04 04 05 00 04 02 04  ..@..... ........
$000CE0  42 40 20 00 08 00 00 00  00 00 00 00 00 02 02 4A  B@ ..... .......J
$000CF0  40 40 40 40 48 40 40 40  40 40 40 42 42 4A 42 42  @@@@H@@@ @@@BBJBB
$000D00  42 42 42 40 47 47 40 47  47 55 5A 47 46 47 42 02  BBB@GG@G GUZGFGB.
$000D10  02 04 04 07 05 04 05 07  15 1A 05 07 47 42 02 02  ........ ....GB..
$000D20  00 02 27 00 02 00 05 15  1A 00 05 45 02 0A 02 02  ..'..... ...E....
$000D30  00 05 00 02 02 02 15 3A  00 02 4A 02 02 02 02 02  .......: ..J.....
$000D40  02 02 22 02 02 15 1A 02  02 42 02 02 02 02 02 02  .."..... .B......
$000D50  22 02 02 03 15 1A 02 02  42 02 02 02 22 02 02 02  "....... B..."...
$000D60  02 02 02 35 1A 02 02 42  02 02 02 02 02 0A 02 02  ...5...B ........
$000D70  02 02 15 12 13 13 53 42  02 02 02 02 02 02 02 02  ......SB ........
$000D80  22 1D 1C 1C 1C 5C 42 02  02 0A 02 02 0A 02 02 02  "....\B. ........
$000D90  02 02 0A 02 42 42 42 42  42 42 02 02 02 02 02 42  ....BBBB BB.....B
$000DA0  42 42 42 42 47 47 47 47  47 04 07 07 07 07 40 40  BBBBGGGG G.....@@
$000DB0  41 41 41 47 05 05 07 05  00 05 07 07 05 01 01 01  AAAG.... ........
$000DC0  01 41 45 00 02 05 00 00  00 07 05 00 00 01 01 01  .AE..... ........
$000DD0  41 4A 00 02 00 00 04 04  05 00 00 01 00 01 01 41  AJ...... .......A
$000DE0  42 02 02 00 00 00 00 00  00 00 08 01 09 01 41 42  B....... ......AB
$000DF0  02 02 02 02 00 00 00 00  00 00 01 01 01 41 42 02  ........ .....AB.
$000E00  02 02 00 00 00 00 00 00  00 00 01 01 41 53 13 13  ........ ....AS..
$000E10  13 13 13 13 13 13 13 13  1B 01 01 44 5C 1C 1C 1C  ........ ...D\...
$000E20  1C 1C 1C 1C 1C 1C 14 1A  00 06 40 42 02 02 02 00  ........ ..@B....
$000E30  06 06 06 06 06 15 1A 06  07 46 42 42 42 44 46 07  ........ .FBBBDF.
$000E40  07 07 07 07 55 5A 47 45  47 41 41 41 40 40 07 07  ....UZGE GAAA@@..
$000E50  07 07 07 40 40 40 40 40  41 01 01 01 01 05 05 05  ...@@@@@ A.......
$000E60  05 07 04 00 00 00 40 41  01 01 09 04 00 00 00 00  ......@A ........
$000E70  05 00 00 00 00 40 41 09  01 00 00 00 00 00 00 00  .....@A. ........
$000E80  00 00 00 00 00 41 01 01  00 00 00 00 00 00 00 00  .....A.. ........
$000E90  00 00 00 00 41 01 01 00  00 00 00 00 00 00 00 08  ....A... ........
$000EA0  00 00 00 41 01 01 00 00  00 00 00 00 00 00 00 00  ...A.... ........
$000EB0  00 00 44 01 00 00 00 00  00 00 00 00 17 13 13 13  ..D..... ........
$000EC0  13 40 06 01 01 04 00 00  00 00 00 15 18 1C 1C 5C  .@...... .......\
$000ED0  46 07 06 00 00 00 00 00  00 00 15 1A 00 00 40 47  F....... ......@G
$000EE0  47 47 46 44 40 40 40 40  40 55 5A 40 40 40 40 40  GGFD@@@@ @UZ@@@@@
$000EF0  40 40 48 00 00 00 00 00  55 5A 40 40 40 40 00 00  @@H..... UZ@@@@..
$000F00  00 00 00 00 00 00 00 15  1A 00 00 40 40 00 00 00  ........ ...@@...
$000F10  06 00 00 00 00 00 15 1A  06 00 40 00 00 00 00 05  ........ ..@.....
$000F20  06 06 06 06 00 15 1A 07  00 40 00 00 00 00 00 07  ........ .@......
$000F30  07 07 07 06 15 1A 07 06  46 00 00 00 04 04 07 07  ........ F.......
$000F40  07 05 05 15 1A 07 07 47  00 00 00 00 00 05 05 05  .......G ........
$000F50  03 0C 15 1A 05 05 47 13  13 13 13 13 13 13 13 13  ......G. ........
$000F60  13 11 1A 00 00 47 5C 1C  1C 1C 1C 1C 1C 1C 1C 1C  .....G\. ........
$000F70  1C 1E 00 02 45 40 00 00  00 00 00 00 00 00 00 08  ....E@.. ........
$000F80  00 02 02 42 40 40 40 40  40 40 40 40 40 40 42 42  ...B@@@@ @@@@@@BB
$000F90  42 42 4A 40 40 40 40 48  40 40 40 40 40 40 42 42  BBJ@@@@H @@@@@@BB
$000FA0  4A 42 40 00 20 00 00 00  00 00 00 00 00 02 02 02  JB@. ... ........
$000FB0  42 40 00 00 26 00 00 00  20 02 02 00 20 02 02 42  B@..&...  ... ..B
$000FC0  40 06 00 05 04 00 02 02  00 02 02 02 02 02 02 46  @....... .......F
$000FD0  07 06 02 02 02 02 02 02  02 22 02 22 02 02 47 27  ........ ."."..G'
$000FE0  07 00 02 02 02 0A 02 02  22 02 02 0A 02 47 07 07  ........ "....G..
$000FF0  00 02 02 02 02 02 02 22  02 02 02 02 47 05 05 00  ......." ....G...
$001000  02 02 22 02 02 02 02 02  02 02 02 45 20 00 02 02  .."..... ...E ...
$001010  22 02 02 02 02 02 02 0A  02 42 42 02 02 02 02 02  "....... .BB.....
$001020  22 02 02 02 02 02 02 02  42 4A 42 42 42 42 02 02  "....... BJBBBB..
$001030  02 0A 02 42 42 42 42 42  .. .. .. .. .. .. .. ..  ...BBBBB         
** END **
